2.50298
2.60647
2.61074
2.72786
2.43861
2.60368
2.74313
2.79087
2.78222
2.63428
2.5413
2.63
2.71642
2.49024
2.5792
2.49556
2.86587
2.68937
2.64843
2.52297
2.37435
2.541
2.49325
2.56831
2.50938
2.72063
2.64611
2.65583
2.63877
2.62188
2.90371
2.60661
2.52007
2.3936
2.50259
2.57588
2.49837
2.47864
2.74086
2.44835
2.71808
2.39909
2.72093
2.59226
2.61714
2.63083
2.63513
2.46274
2.59281
2.57241
2.5705
2.64016
2.77617
2.63943
2.42763
2.46849
2.42063
2.61028
2.45678
2.79186
2.53849
2.53007
2.54343
2.55706
2.81936
3.01782
2.94945
2.76227
2.99526
3.00487
2.95447
2.60605
2.93336
2.96731
2.95911
2.88217
2.93165
2.66936
2.71694
2.58737
2.80973
2.61754
2.74689
2.93366
2.90873
3.05516
2.81122
2.87123
2.94878
2.81635
2.89855
2.96406
2.86713
2.80898
3.08536
3.00881
2.94134
2.92897
2.87093
2.90921
2.47642
2.70068
2.66744
2.85428
2.76309
3.02446
2.93254
2.82382
3.03097
2.85688
2.67677
2.45097
2.14848
2.60564
2.42381
2.43254
2.56632
2.39333
2.49654
2.40613
2.52274
2.5046
2.30239
2.56051
2.54381
2.62714
2.55775
2.4419
2.52632
2.65329
2.43252
2.9103
2.28072
2.44733
2.50516
2.37514
2.64161
2.42919
2.37448
2.32106
2.67993
2.79877
2.71147
2.76319
2.56578
2.74585
2.66483
2.67428
2.76373
2.48908
2.67245
2.63589
2.7333
2.53374
2.87685
2.57165
2.5293
2.78615
2.73848
2.72595
2.7908
2.71642
2.79714
2.53209
2.70469
2.90402
2.5889
2.49424
2.93294
2.65562
2.68098
2.67076
2.86128
2.71329
2.80678
2.63192
2.60152
2.51167
2.31609
2.39073
2.5848
2.71468
2.55976
2.52901
2.65974
2.53152
2.657
2.67201
2.82303
2.59997
2.3803
2.55681
2.4805
2.51209
2.91148
2.80304
2.60373
2.5597
2.64109
2.51646
2.65753
2.76123
2.63274
2.52934
2.59933
2.61307
2.67359
2.59614
2.72344
2.67764
3.15868
2.84727
2.49522
2.64878
2.8259
2.89785
3.03569
2.81809
2.77965
2.85511
2.97309
2.93354
3.1417
2.97899
2.85307
2.83809
2.78893
3.14127
2.8755
2.93779
2.86848
2.59801
2.75148
2.74562
2.21186
2.9463
2.46587
2.89657
2.97902
2.72202
3.25916
2.85664
3.07581
3.01368
2.89618
2.61354
2.85386
2.77826
3.04177
2.93236
3.0555
2.78972
3.19811
2.7859
2.85693
2.97843
2.96974
3.02514
2.72999
2.94301
2.80148
2.83611
2.95623
2.99249
2.65107
2.81153
2.77354
2.94344
2.7559
2.94276
2.66426
3.0874
3.0522
3.0616
3.11705
2.89145
2.6834
3.09844
2.96024
3.04223
3.11018
2.81884
2.85548
2.7399
2.78258
2.61214
2.83995
2.59617
2.59522
2.46381
2.72039
2.60363
2.64508
2.78595
2.711
2.48198
2.68238
3.04184
2.94374
2.99318
2.90468
3.02833
3.19086
3.14238
3.05236
2.93703
2.86803
3.13812
3.10513
2.88905
2.77237
3.02879
2.77909
2.84688
2.82997
2.87003
2.61647
2.75909
2.84507
2.70221
2.8565
2.64795
2.67042
2.62569
2.566
2.47565
2.58187
2.74452
3.06087
2.99171
2.73988
2.54279
2.63522
3.09209
3.18052
2.49911
2.42364
2.82544
2.96632
2.7951
2.61743
2.70889
2.95338
3.09404
3.056
2.91505
2.88922
2.98754
2.86778
3.06028
3.00699
3.01236
2.90496
2.98118
2.99108
3.08399
2.99318
3.05853
2.78416
2.90497
2.87845
2.8291
2.83328
2.72445
2.76563
2.90222
2.99074
2.83503
2.64536
2.8565
2.69221
2.66322
2.84713
2.68466
2.45796
2.57389
2.78284
2.6084
2.59703
2.35779
2.92716
2.85839
2.94551
2.85076
2.49897
2.57368
2.66807
2.66182
2.68911
2.60102
2.57894
2.66936
2.49177
2.69768
2.46283
2.4368
2.54328
2.56378
2.50237
2.64288
2.61253
2.92123
2.87875
2.93284
2.9192
2.84403
2.98121
3.11944
2.92687
3.04451
3.19352
3.04058
2.99988
2.76539
2.98767
3.13053
2.80362
2.9345
2.80372
2.91581
2.9875
2.96596
2.99288
2.99954
3.00244
2.85822
2.86404
2.88314
2.74825
2.72943
2.85535
2.85996
2.94882
2.54627
2.39965
2.47889
2.72658
2.66383
2.6366
2.54171
2.60829
2.72059
2.73789
2.7791
2.88315
2.66227
2.80173
2.70364
2.49982
2.7637
2.47235
2.58633
2.83152
2.86774
2.62794
2.57741
2.78454
2.93253
2.76736
2.64975
2.81251
2.56236
2.55365
2.76238
2.66421
2.9054
2.47248
2.4059
2.58697
2.56778
2.5813
2.64222
2.91247
2.67424
2.68809
2.53044
2.4486
2.40723
2.45254
2.74803
2.84433
2.55849
2.59091
2.56037
2.80659
2.71725
2.93876
2.50541
2.82495
2.57257
2.70758
2.67146
2.72046
2.56736
2.59909
2.7559
2.55893
2.5117
2.558
2.58259
2.81771
2.57683
2.49608
2.57568
2.83917
2.77977
2.61778
2.64458
2.85755
2.37597
2.56762
3.00882
2.70714
2.81087
2.76999
2.50149
2.49076
2.49411
2.30202
2.42479
2.17084
2.16201
2.3361
2.17293
2.30371
2.12985
2.15399
2.28302
2.14883
2.27546
2.19302
2.15483
2.14774
2.31339
2.38853
2.20205
2.34206
2.36345
2.31797
2.42391
2.33644
2.29617
2.17539
2.21416
2.16184
2.33386
2.19386
2.37199
2.56066
2.77312
2.78652
2.57744
2.70435
2.78564
2.58559
2.59981
2.72319
2.93129
2.54724
2.8931
3.05744
2.7956
2.85338
2.46132
2.55544
2.95168
2.75186
2.63695
3.00426
2.76745
2.74635
2.73708
2.81867
2.87178
2.88583
2.82156
2.8207
2.49532
2.5059
2.95659
2.9522
2.65045
2.66925
2.87764
2.67706
2.54433
2.61766
2.85063
2.7151
2.72114
2.55793
2.77503
2.63797
2.52638
2.47275
2.6714
2.59324
2.51685
2.47768
2.52947
2.50648
2.62775
2.61022
3.01601
2.68696
2.67686
2.67401
2.73319
2.85392
2.81944
2.67578
2.83977
2.66609
2.73324
2.59377
2.80812
2.59987
2.51386
2.41865
2.56709
2.63185
2.54164
2.5638
2.58013
2.66412
2.611
2.6626
2.5797
2.49081
2.61771
2.82394
2.50158
2.54676
2.72207
2.68029
2.6415
2.83294
2.91499
2.73787
2.63117
2.66809
2.69626
2.70285
2.64498
2.65705
2.86362
2.62882
2.50556
2.79294
2.61749
2.54506
2.59735
2.65108
2.63432
2.64208
2.61548
2.81798
2.49244
2.86827
2.53845
2.88147
2.62404
2.68426
2.78122
2.69401
2.78145
2.59218
2.67342
2.77099
2.69154
2.70989
3.10475
2.90606
2.89082
2.74898
2.75491
2.69818
2.83288
2.67488
2.76607
2.85239
2.68298
2.35518
3.03871
2.77144
3.04631
2.99075
2.96195
2.94376
2.88477
2.9456
2.9003
2.93125
3.03013
2.82277
3.0608
2.4156
2.95913
2.89317
2.75748
2.9443
3.05527
2.99434
2.96523
2.69642
2.76547
2.64213
2.79979
3.02702
2.77261
2.95938
2.65226
2.86739
3.01711
2.75417
2.78761
2.73862
2.7586
2.8192
2.52636
2.79915
2.75033
3.1361
2.72823
2.65092
2.95031
3.02433
2.67852
2.59523
2.79665
3.1355
2.8103
3.02075
2.69315
2.87456
3.04891
2.93337
3.12502
3.02866
2.88101
3.10121
2.67122
2.87234
2.83562
2.63175
2.90486
2.97624
2.40403
3.00669
3.00755
2.55779
2.93973
2.89328
3.17805
2.99299
3.13338
2.66025
2.98575
3.01685
3.11541
2.7091
2.85269
2.65399
2.87098
2.47338
2.87487
2.67388
2.81974
2.43122
2.31023
2.35792
2.7956
2.34784
2.20541
2.7686
2.57864
2.55082
2.65418
2.67743
2.28697
2.70351
2.71925
2.60076
2.49809
2.25093
2.60773
2.78336
2.57866
2.80807
2.67366
2.75096
2.70006
2.49444
2.58253
2.7175
2.59839
2.91881
2.77974
2.84249
2.49699
2.85791
2.50722
2.50056
2.61247
2.62371
2.92168
2.71003
2.53296
2.57679
2.61458
2.68582
2.41533
2.51849
3.00054
2.67015
2.57815
2.5923
2.61378
2.71414
2.80604
2.67406
2.44004
2.63771
2.68505
2.59964
2.70893
2.63554
2.91099
2.6752
2.79882
2.80861
2.6598
2.6152
2.75463
2.70205
2.75919
2.63238
2.60472
2.45001
2.66903
2.75873
2.42182
2.6174
2.70733
2.70535
2.34809
2.84164
2.59255
2.75753
2.68778
2.80146
2.72107
2.73129
2.68001
2.57515
2.63679
2.68074
2.75613
2.563
2.87618
3.0275
2.62804
2.53806
2.77525
2.52587
2.59364
2.49229
2.56904
2.74917
2.65622
2.49371
2.68878
2.43642
2.53158
2.54917
2.44927
2.55908
2.62619
2.58105
2.58564
2.74297
2.589
2.72753
2.54236
2.7463
2.62349
2.55762
2.5556
2.59452
2.36367
2.7106
2.48856
2.53919
2.61536
2.78132
2.61705
2.41948
2.51293
2.45872
2.72311
2.58813
2.62319
2.44551
2.45133
2.53369
2.6301
2.59885
2.41563
2.79275
2.76144
2.70173
2.94455
2.76205
3.01204
2.63421
2.57014
2.77545
2.59581
2.70952
2.66765
2.75171
2.68096
2.78922
2.93867
2.66537
2.84277
2.54142
2.76138
2.45839
2.56049
2.56426
2.50369
3.01701
2.62035
2.55291
2.88456
2.54646
2.64996
2.5227
2.86019
2.60667
2.66537
2.74036
2.66243
2.60661
2.42818
2.55697
2.47667
2.51096
2.48351
2.75206
2.64979
2.91947
2.73473
2.42261
2.65833
2.70269
2.60385
2.56593
2.72868
2.70283
2.38474
2.9049
2.64254
2.78537
2.59026
2.65795
2.91664
2.68091
2.71834
2.90437
2.55481
2.42367
2.70786
2.87476
2.59372
2.71654
2.58374
2.72894
2.46783
2.44507
2.81948
2.77094
2.32577
2.47384
2.59743
2.59198
2.46787
2.69147
2.46977
2.44727
2.30325
2.44904
2.58741
2.63267
2.39375
2.47775
2.41093
2.26661
2.42649
2.29541
2.35831
2.46187
2.41015
2.36244
2.31351
2.43164
2.27416
2.91051
2.42432
2.66091
2.53241
2.25154
2.35545
2.60171
2.33587
2.39985
2.4531
2.52957
2.54071
2.35958
2.5687
2.46977
2.49537
2.2117
2.37907
2.40651
2.37766
2.51902
2.39238
2.52212
2.70425
2.41133
2.48438
2.31652
