143335
169675
142905
153496
145302
144924
159577
153504
188008
135374
149666
163262
165076
150605
170000
125883
157990
153180
151756
145885
132988
153511
122857
128223
142959
129314
142301
152154
150535
157210
130348
121985
143768
143044
132041
158334
141757
133321
142220
120285
128576
159458
137233
117831
159520
132563
143625
134638
121316
162809
124744
127508
133616
132022
126055
110599
168042
136652
166085
145859
152910
123492
132031
132003
143388
144731
153213
150841
125162
152237
119599
98004
133268
142052
129631
123515
122710
88576
141400
131473
143593
134002
115402
156601
128097
125186
125275
133369
121859
147916
152228
131860
183114
138444
132357
142303
141928
137436
127295
154917
95225
123621
140298
133409
146005
137192
127544
130798
134474
152601
126716
93519
113849
128492
137348
104093
147298
123869
149245
122966
138465
153274
127814
120925
134149
131969
113738
144512
135966
127694
123166
148118
142339
149941
125164
140279
120791
116646
140539
118907
122288
113756
110463
132145
136851
135596
122749
113954
116451
140286
135693
123876
105892
106811
128833
131600
153358
127894
120364
135321
113924
85958
114143
117692
130090
117262
117576
133337
107857
126308
132997
132712
123748
131544
115442
144851
142660
136039
127878
121163
114704
142630
117615
155920
159552
164934
125686
137950
121239
154107
132108
108821
141825
142503
150328
173536
150611
167380
128138
133936
126273
141492
127007
134527
137321
139955
142428
129088
125514
144528
121914
148809
140436
140827
134034
140620
128411
109947
95940
133914
121373
156562
133678
120646
150409
141028
135489
129414
96713
114164
109936
104575
110376
109699
126356
93485
98371
121572
125783
132186
116558
133671
105620
142047
171016
123587
129931
132999
141714
131514
138295
136955
123908
138459
134456
142484
114492
110321
129114
127893
158869
113356
126399
131919
123533
137124
128598
157084
135674
123857
139230
125171
137210
132882
120657
115906
129155
140003
139606
141782
109297
106423
145573
123695
137110
152569
137122
138153
123274
117619
152194
136243
145933
142031
146848
133551
135577
133618
115913
111318
125415
126583
114523
131374
119574
125535
101827
110235
127975
121051
123931
126327
139809
124725
119642
104838
118769
138303
138510
111017
120400
131467
121364
105667
112219
108364
101021
129324
118263
119408
113530
155731
115338
134262
137247
129885
125953
116612
145711
144003
151083
122556
124386
134294
136664
124076
140132
136133
135582
124768
144020
134224
136669
125060
143855
146352
128147
136711
144150
145100
139439
140158
125846
125296
130841
143308
148526
142992
124598
140422
140486
114101
153133
141734
134930
133316
143579
140487
125314
120612
113302
136294
132818
155342
134096
147477
153464
133286
120985
146114
140282
134992
124548
116771
141709
158584
140763
137601
130655
145211
143394
136074
145818
144867
159713
143155
143149
141941
145583
142647
128370
136864
118791
149622
132742
114128
128189
135921
130726
130784
130296
119749
125987
149505
124810
140947
150865
146736
137741
131619
150068
129586
128748
158270
133724
105780
132226
119731
123277
128516
122114
145094
129310
149742
121242
125447
147742
122043
144477
123020
126812
118802
128980
131998
113265
136075
149043
157475
104155
134362
140569
148409
130894
134898
123602
137744
163642
133636
142291
89805
153429
126430
118081
126817
127960
168862
128489
155184
136138
137226
132643
127291
110571
142974
112556
150762
149841
137869
135494
143265
132964
139711
133537
122665
135762
118505
127201
124924
145695
126066
126608
138423
157823
115043
137040
116620
112768
160403
142667
125542
116098
129826
123086
119756
119814
137436
142850
155565
164089
158249
160618
163752
155848
172938
146145
170911
166236
150800
171826
152252
155970
166037
155566
168790
155597
155743
142387
174370
156436
161586
169219
155082
163052
137550
155036
166404
168508
152356
143741
128157
169124
70848
124960
153930
153174
128342
120355
122048
96522
135678
125227
129141
131906
146419
139933
122867
129463
146320
120224
145874
118902
128782
120157
139615
128425
144397
131217
131338
132804
133149
134482
130300
122633
123170
92895
112291
96184
137393
96806
94044
81801
122379
129044
107913
88452
111086
116487
92270
66188
88470
120222
108305
107390
101591
113796
99484
105558
112345
100531
97301
102838
95533
116090
81235
71211
93696
110554
123219
75705
94237
99549
101872
66076
155290
168929
174763
135621
138931
155585
164229
140750
149455
141291
159270
132978
164365
148058
133295
153609
138999
157232
143154
154715
134650
161735
147976
151758
150724
156385
146908
176925
153557
125510
137207
161867
149884
135746
157483
135233
155691
169498
128907
150906
153212
161950
140831
140665
150095
153398
161917
131062
136821
113340
107076
130248
150221
116044
103837
116459
132839
120997
124582
62623
131884
127857
127686
122676
114128
127829
113286
138424
140659
124774
133337
120578
113720
131886
118566
133402
120624
142140
125964
141941
121049
134876
133694
144356
131140
117648
129868
138747
134581
105050
136394
137408
134342
120446
132183
112054
116595
129423
132364
125531
122665
119489
137867
126556
132566
138055
148066
139333
112859
133007
115153
119177
147299
143686
117642
128461
132922
131189
105908
137453
99552
123956
154996
124130
50919
118985
154770
134556
134172
125358
141628
125371
133393
120624
141647
124755
157933
122255
125986
89342
139431
105529
137127
123281
130460
92279
126926
112254
123341
123747
64999
169576
115604
135317
122617
137076
55718
115226
130115
115299
146343
103754
120710
135401
113044
130316
146448
129131
146997
137601
140557
116663
84102
103840
130102
109272
88443
126237
133343
122078
109237
118735
138040
109191
140759
96501
141161
133096
125954
113313
123024
122459
126142
145034
103337
152426
126733
134592
115142
159686
129262
127515
121717
145511
127978
134820
111900
137621
111233
136167
112183
106198
128434
97153
115362
131722
137725
127975
121355
140780
154094
137125
147923
120771
122531
128322
113612
131487
118837
99415
126172
119196
120579
152838
128244
106316
131625
121236
150085
117102
133617
140752
148123
133832
120785
114010
113459
156848
123586
138279
139825
135097
126033
132325
151290
138146
136034
129688
139694
118389
120186
119049
139605
88172
127426
135144
112854
134437
131142
161064
128589
130948
121980
130323
141772
134706
129901
107415
138909
119096
139786
137787
130886
123589
113727
139995
122917
149773
133779
144843
135850
151714
138562
139459
139269
154615
120976
140402
156185
161838
149313
148154
137730
151339
132158
129134
126532
155646
141495
138724
131814
150911
131310
120599
128755
148724
146166
144598
145213
150079
141572
152766
142987
139974
144822
141804
138208
131092
140486
154857
140192
153702
110148
146905
146831
116401
162393
129668
142497
115209
141717
138629
149212
130797
141584
127016
155237
130229
158287
136502
147574
154481
137936
140982
120867
121520
120410
132929
118699
107996
134954
114132
130746
108292
115499
114568
125224
133099
106602
100527
99463
111136
112556
105093
104341
129462
110418
117383
115193
127392
124474
103177
102553
117041
112538
129093
127208
105243
142830
139906
132869
141298
116880
120606
128703
112383
128882
108088
86423
123744
78534
74585
131317
94951
92937
104796
116412
90071
106540
137079
89532
104117
