90011.3
109725
89521.5
99019.1
91406.4
91315.5
98271.7
94447.2
118098
85217.9
94291.5
103611
103073
95623.4
109092
78891.5
101452
97775.7
97983.5
92654.1
82718
98798.4
77641.7
81582.9
90622.2
82131.2
89991.7
95055
95778.7
100829
82399.6
76836.3
90679.8
90842.6
82113.1
101690
88457.1
87092.8
93917.5
79250.8
85064
102926
90779.3
76680
102961
87433
93986.9
87974.3
79706.7
105083
82164.4
82878.9
87719.1
87441.2
82520
72200.9
108224
90341.3
108726
94750.9
98628.2
81405.7
85944.5
86089.1
97227.1
98409.7
103501
103306
86273.5
104009
80877.3
70347.6
92144.6
96077.3
87873.6
83953.4
84876.6
64374.6
96298.8
89575.9
98333.2
93587.6
76966.8
107149
90827.1
84803
86700.2
91888.6
82764.7
99194
102156
90009.7
123646
95482.1
89878.2
96846.6
97092.8
92356
87132.8
105341
67440.2
85810.8
95874.8
90326
98262.6
94097.5
87275.9
88110.9
91191.8
105141
89790.5
67725.6
80943.5
90141.4
95709
72863.5
102017
85284.8
104467
84416.1
96167.1
106266
88997.8
84173.2
94150
90319.3
80204.6
99432.2
93509.8
88534.2
89150.3
102849
97208.2
102064
85616.3
96685.5
83811.3
79061.3
96286.9
82034.2
84240.8
81028.1
77794.3
92482.6
95077.5
94157.4
86671.4
80216.7
83981.2
95934.6
96414.4
86733.5
76293.3
77255.4
92553.9
94309.6
105862
91366.4
87209.1
94003.7
80237.4
66397.7
83449
84867.8
91887.3
83166.5
82680.1
94522.4
77206
90302.2
94033.1
96069.8
89089.8
92055.2
80831.8
95741.3
93931.4
89885.9
84425.2
79564.5
74989.4
95067.8
78554
102196
105274
107562
82862.1
92174.7
80158.4
100973
88251.9
72149.5
93474.6
93869.9
98783.7
102076
88333.4
98383
80903.5
87653.1
82456.2
92186.1
83614
88435.2
88674.8
91588.6
92849.2
84048.3
81937.5
94212.2
80736.9
97542.3
91458.7
91692.7
88521.8
93088.2
84328.6
72798.8
65693.8
88140.4
79622.9
103133
88483.9
79546.3
97319.1
92927.4
89145.3
89602.8
66371.5
77839.9
73909.9
72257.2
75338
74214.4
84696.3
63605.9
66356.6
82829
88057.3
89735.3
79647.8
91260.1
74510.1
96159.2
114743
82906.9
87983.8
90797.1
96838.5
88648.9
94762.8
92201.7
86367.8
96258.5
91184.8
97522.1
80432.3
77003.7
88403.8
88343.2
109124
78118.7
87818.5
90190.5
83896.1
93073.2
86419.2
104492
94585
83782
94151.5
86451.4
95321.1
91314.7
82645.5
78476.9
88256.4
95505.5
96107.1
98037.6
75417.7
72863.4
98947.2
82519.6
91502.5
105497
91651.9
92852.7
81728.4
79650.9
103561
91837.8
97867.6
95895.6
98760.3
87597.1
91225.5
92421.2
80330.3
77235.2
86488.4
86987.7
78081.1
88998.8
81491.6
85595
71636.7
76097
86815.5
85136.1
83926.6
85576.5
94055.5
83789.2
80992.3
73107.5
81984.8
92675.6
94290.8
76609.9
81465.7
87984.9
80342.9
70905.5
75365
73236.2
67545.5
87003.2
81205.1
82268.5
75851.8
105479
79788.5
91131.5
94494.7
89711.5
82704.2
80073.5
100521
96571.2
100976
81805.9
86935
92378.5
94325.8
83976.4
95699.5
93590.6
92802.3
84796.8
97667.4
91975.1
93506.7
85681.9
98416.3
99857.6
87433.9
93515.4
98054.3
96850.7
96633.9
96011.7
85287.8
84652.4
89531.1
97987.2
100650
95901.4
83449.7
93866.8
95252.8
80117.3
102370
94503.6
91303.3
88416.6
94561.2
94813.3
83080.4
81279
77012.3
92421.9
89224.9
105720
90073.3
101308
103360
89844.9
80908.4
96438.4
93502
90522
82826
78883.2
95314.9
104997
94426.7
92116.8
86972.8
96927.9
95340.9
92683
97992.9
95447.6
109161
97924.2
97126.6
95591.5
97626.9
96334.4
86154.6
93735.1
80374.6
99207
90508.8
75430.5
88767.2
92023
87426.6
87688.4
89517.5
79470.2
85775.8
100966
84663.9
97070.5
102510
99331.2
92273.9
87831.9
100384
86125.5
86621.5
104211
88342.8
72202.7
88098.8
79801.2
82175.6
86559.3
81372.9
96581.6
86436.6
99863.7
81571.2
83211.1
98018.3
83321.1
97047.6
81304.8
82484.7
80492.6
85657.7
88956.2
77166.1
89831.9
97796.8
105625
72045.1
89269.5
95588.5
98663.5
87987.5
91323.9
83388.5
92461.1
111569
88866.9
93573.7
59929.2
102916
84354.8
80050.6
85287.6
86953.4
111978
86371.8
104778
91164.4
93699.3
89668.1
85864.2
71987
96179.2
75472.6
102193
101295
92841.4
90954.4
94839.5
90048.9
93616.1
89191.3
83570.1
90172
80040.5
85248.8
83234.8
96590.5
82896.7
85696.1
92782.8
105470
77711.9
91734.6
79084.8
75799.5
106810
96335.8
84645.2
78956.7
88573.5
82133
81712.1
80689.7
91365
95257.8
103554
108230
101316
101826
104713
100496
107772
93000.3
107120
105160
94328.3
110291
94590
97876.8
104347
97838
108086
99681.8
99570.8
92352.4
111245
100226
103099
108107
98038.5
101526
84799.6
96824.9
107067
104625
98947.5
96509.7
86024.9
112199
48337.4
89167.9
101101
104067
88941.8
83117.9
85279.9
68508.9
89722.3
84463.3
87757.4
88885.3
100396
93531.8
81051.4
88849.9
100020
78898.7
96952.6
79975.2
86173
83105.6
95920.2
85542.4
97908.4
87311.8
89822.2
90333.8
90717
90099.3
86523.2
81994.5
84985.6
64163.6
80841
66857.2
94842.7
68452.2
67029.9
58080.1
85048.8
88964.5
76551.7
62449.1
79120.4
82414.8
65944.1
47601.6
63295
84979.2
76182.5
76344.4
71645.7
80223.8
69768.5
71274.4
74832.9
70202.4
67153.5
72363.7
66100.9
80743.6
56701.7
49489.1
65885.8
76777.1
87136.5
54021.6
67981.1
71246
72250.4
46767.7
101022
111680
115077
88924.3
91301.1
103966
109329
92793.9
97724.7
96118.7
104482
87509.6
109206
99465.6
89796.8
103427
92034.8
103635
96382.2
102585
89551.6
107404
98592.6
99701.4
99617
102197
96397.6
115587
100414
84983.1
90709.8
105610
98697.8
89336.7
103360
88597.7
101531
113064
84948.6
100519
103424
107419
94385.7
92608.5
98700.1
101067
106872
91628.9
92242.5
77675.7
73079.3
88676.9
102254
79482.7
70234
82304.6
89611.3
85401.5
86099.1
43313.9
91025.6
89465.3
87466.1
83714.8
77399.9
89332.3
77325.9
94229.7
96634.6
84234.2
91057.9
82219.6
78499.5
91622
81482.4
91008.1
81423.4
96165.9
85363.5
98175.1
82564.4
91780.1
93745.3
99161.6
88833.9
80538.9
89909.3
95436
91949.9
72618.4
93625.4
93335.9
91331.9
81429
89886.7
76793.6
81654
88586.7
89823.1
85789.9
81617.5
81233.4
92769.9
85997.9
89726.3
93149.9
99549
94679.6
76485.4
91269.9
81454.9
80728.2
100940
97373.1
82652.2
86709.7
91482.8
88991.8
74463.1
91859.4
70308.4
85734.4
104738
85403.5
34211.3
81275.8
105897
94536.9
91137.7
86013.2
96913.7
85492.6
92789
81280.6
96612.6
86021.7
108015
84253.6
85307.2
63383
95054.6
74846.8
93148.8
86969.1
91497.7
64847.6
89049
80378.9
84215.8
86457.7
46536.3
114313
76386.1
89358.2
83564.8
91135.1
39604.6
77783.2
88342
76391.3
103982
72835.3
82390.3
92818.9
76218.5
89315.4
99291.2
87067.5
99785.5
93791.1
93267.5
80098.9
57844.6
70324.9
88299
74692.6
61683.6
84871.8
88610.8
85011.8
75684.1
80954.5
93666.2
75941.8
96396.5
64992.8
92793.2
89474.2
82633.7
77353.4
83763.6
81177.8
85579.6
96213
70979.2
100582
85096.8
88195.8
78833.4
104653
85687.9
84774.5
84154.7
98608.7
87074.5
90857.2
75584.6
93549.8
76173.8
92716.8
75247.2
74608.5
86906
67116
77575.9
89035
90168.4
87540.5
81561
93680.7
103584
89991.3
96509.8
79880.5
81853.4
86982.6
76978
90264.8
81751.9
68394.3
85307.3
79487.8
81591.3
102346
85981.5
71808.1
88219.2
83779.8
100788
77962.4
90156.8
95539.1
97490.9
88467.8
80081
76525.9
77655.6
106644
83003.5
92368.7
95101.8
88492.4
89002.6
89101.5
99331.5
89977
92079.8
87247.8
92616.4
79248.2
77542.4
81851.5
95436.2
59894.9
85917.4
91369.8
76262.3
91461
88245.3
108407
86505.3
88960
84929.1
86836.8
96228.9
89342.2
90242.6
75082.9
91878.6
80890.1
92054.7
91714.5
87473.8
82597.2
76632.3
93262
81377
100464
91350.3
97558.9
91977.9
101402
92413.2
92261
92096.8
103612
80197.8
92901.6
103254
108643
101346
98364
94014.5
101335
89177.8
84598.6
85374.2
102535
94377.9
94142.6
87577.6
100633
88956.8
81006.4
84270.8
98500.5
98026.8
92895.2
95707.3
104000
96623.4
102093
93288.3
92112
95578.1
93937.7
91966.8
86780.6
93533.4
102799
93836.1
102031
72951
97676.2
98456.5
76887.4
109984
86395
96142.8
77040.6
96227.4
94103
98898.3
87597.8
94264.9
85789.1
103853
89211.3
105379
89425.3
97910.1
105125
92104.3
94063.5
81335.1
82011.8
84682.5
92626.3
81232.3
75005.8
95064.3
80664.7
89419.5
73419.3
81772.5
78410.8
86299.1
90268
74055.6
71193
70709.1
77678.9
77300.9
74832.4
72204.4
89851.6
78354.1
82029.5
80691.5
89528.6
86797
73264.3
70821.5
83163.1
79937.6
87900
87133.1
73353.7
97895.7
94465.8
91037.5
93526.1
81786.3
83865.1
91142.9
80244.2
90322.8
76988.6
61752.4
86359.9
57340.2
52691.1
91210.2
66978.5
65714.8
75613.7
81865.7
63859.1
74450.7
94855.7
63704.5
74112.2
