91817.4
108071
89225.1
98640.8
91726.1
90809.6
100269
94784.3
122010
86385.9
92831.8
103037
104431
95801.6
109891
79141.2
103764
98424.3
99991.8
91909.4
82102.1
99577.9
78563.2
81729.7
90171.4
80403.7
89560.3
95689.9
96144.1
100625
81183.7
76419.5
91456.8
91557.5
82674.6
102805
86205.1
86613.6
96843
79232
86151.1
103222
90136.1
76403.6
103436
88781.5
94319.4
87504.5
80308.4
106321
82198.5
82623.2
88155.2
86210.6
81795.9
71550.1
107718
90864.9
112803
95826.8
100079
81926.6
87360.2
87566
97828
98316.8
104729
105320
85290.8
105805
84164.5
69542.7
91198.8
97918.5
89106
86215.2
85562
70097
96321.4
89658.7
97705.6
94943.2
78267.7
108596
91434.4
83992.4
88160.4
92956.5
83481.4
99633.1
104570
90975.9
126165
96215.1
91884.8
99426.2
96755.8
93943.5
88283.7
106439
64538.3
86169
97378.8
90592.1
97051.2
94098.7
88391.6
89138.2
92021.7
105766
98984.5
66764.1
83010.3
90546
94568.2
73054.6
104042
85706.3
103979
85976
97557.1
107349
91041.5
84877.4
95696.7
90642.3
81474.7
100537
95105.2
88917.9
90077.4
102945
98014.9
102159
87162.3
97375.2
82411.6
80181.1
97077.2
83860.2
84463.3
81381.6
79437.3
93513.6
94289.6
94265.9
87579.6
79983.1
85340.3
96739.9
96165
86699.7
77920.1
76747.7
94399.7
97411.5
105515
93136.8
88608.1
94257.8
79777.3
66063.9
83570.5
85996.9
93203
82983.8
84913.7
93727.6
78341.2
90553.3
95442.8
99014.5
91347.9
92706.4
82454.7
97251
95069.7
90503.7
84413.5
79531.1
75954.1
96136.8
79589.3
104976
104636
107108
82827.9
91737.9
79798.6
101465
87782.2
72294.8
95375.2
95919.8
98645.2
103788
89306.9
99998.1
79984.8
90251.2
83785.5
94082.5
82703.7
88361.9
87880.6
91758.2
95338.2
83861.1
82149.7
93651.7
82115.6
97590.5
92710.9
93351.2
89571.7
90342.7
84975.9
69480.8
66733.1
88870.2
80535
104447
88198.9
78940.4
97179.8
92602
91073.9
90524.1
66457.8
78935.4
74167.1
72634.3
76237.8
75188.5
84855.1
63393.3
65835
84834.9
91582.4
89319.8
80417.1
91576
75195.5
96249.2
114316
84088.5
87761.2
89129.1
97395.1
88888.2
95271.3
90516
88997.1
98501.4
90531.7
99049.4
79735.8
77547.3
89515.3
88540.1
111258
76690.8
87915.8
91550.7
85313.7
93557.8
87615.7
106555
95960.7
84649.1
94664.4
86668.4
96083
92803.1
82585.4
79240.3
90742
95006.1
96079.9
96658.7
76037
74195.4
99800.2
83266.6
94240.7
108332
92146.7
93144.3
83399.8
82049.9
103644
91955.4
97224.4
95745.2
99142.2
90885
91193.4
95109.2
80519.9
80313.5
85777.7
88183.8
77621.3
89757.8
81305.5
86294.9
72023.5
75848.2
87270.9
83500.8
84657.8
85281
93560.5
84688.2
80951
73663.6
81159.4
91630.4
92309.8
76238.5
83806.2
87314.1
82334.6
69995.2
74627.5
74429.3
68478.9
88277.2
79517.8
82478.4
76494.4
105736
80702.2
92759.7
94928.7
90943.7
81000.7
80942
101044
97666.8
101679
82081.9
87998.3
93246.6
91644.1
83491.6
94523.6
94099.8
93114.6
85422.6
98930.5
93405.8
93537.9
88456.5
97976.8
99833.3
88213.9
94428.1
100481
98257
97100.3
97602.1
86554.2
85051.9
89930
97352.6
102848
96491
83397.4
94651
95509.9
82605.6
103675
96772.3
92359.1
90117.6
95402.4
93932.9
84000.2
81160
77309.4
93910.3
90092
105654
90677.6
102843
103567
89674.2
82351.2
96652.5
94617.6
90168.5
85286.9
78198.3
96108.7
103966
95149.6
93004.5
85998.9
96116
94130.6
92850
98556
95730.5
110868
98412.2
95800.5
96807.8
97356.7
96357.4
87415.1
93446.7
81747
100072
90870.8
77541.4
88524
91880.4
87348.7
86843.5
89687.5
78172.5
86122.7
100153
85670.8
95712.1
102710
98039.9
93054.9
89174.7
100349
84981
86032.4
105710
88026.5
66917.5
89572.4
79548.6
82426.9
86391.2
82565.3
98040.2
87369.2
100777
81677.3
86093.9
97947.8
83607
98571.1
81374.9
84646.4
78774.2
85219.1
88180.7
77524.3
89019.5
98425.6
105091
68114.4
90336.2
93815.2
91420.7
87660
92339.2
83840.1
91729
111687
89099.4
94684.7
60554
105485
83790.9
80490
84817.7
87337.4
113258
87539.2
108787
92521.9
92584.2
90865.2
86517.7
72495.8
97724.7
75943.8
103989
101516
93367.1
90191.7
97164.7
90448.7
95108.5
89237.5
86018.1
91691.5
81009.2
85425.9
83015.8
97782.8
82361.9
84840.8
93915.4
105177
78032.5
92939
80310.2
76165.2
107594
95289.5
85251
77237.3
90070.6
82443
82609.5
80652.2
91771.2
95440.6
103068
107129
99169.8
101483
104563
99778.6
106242
92396.6
104524
104198
86353.6
108193
94056.5
97584.3
104228
97400.2
106546
101125
99889.9
92447.6
106572
97621.5
103176
108553
96969
99096.1
84021.2
97853.1
104586
103722
97407.1
97919.2
86068.2
113566
49250.7
90428
99505.9
105406
88421
86312.5
85343.3
75833
90230.1
83672.3
87021.8
87485
92450.8
94457.5
82431.7
91453.2
99103
80330.7
95788
79229.8
88482.2
83980.3
96450.2
86120.6
97420.2
86709.4
88290.6
89282.2
89752.9
88812
86617.1
84733
85360.6
64057.5
78790.2
68458.6
95292.6
66515.6
63803.9
71000.2
85542.7
92183.9
76909.8
61567.7
78909.2
83328.9
66303.2
44497.2
62839.2
85844.9
78614
78721.2
70012.9
80967.1
68590.2
70512.8
76190
70537.8
63557.2
68520.9
66540.7
82062.4
45892.6
50842.9
66583.9
77511.4
88941.9
52663.8
69136.8
70184.4
74818.5
53648.9
100381
112518
115501
88722
91443.2
102898
108523
94037
97121.3
95545.4
104189
87831.8
110251
99938.9
89428.7
105905
91387.8
103562
96937.1
103872
90043.8
107696
99727.9
101243
100632
101692
95028.6
114373
102934
88175.2
90752.7
104667
98486.2
89867.4
104315
87732.8
101545
114897
85540
100477
103849
106743
94657.4
92423.9
98907.5
100914
104950
92466.8
93909.4
78210.7
74110.4
88640.5
101720
80499.1
69714
84057.2
88830.6
85935.2
88039.8
39941.3
89929.5
89078.8
87253.9
82495.7
78234.8
88862.3
76371.1
94846.5
96511.3
84915.3
91184.6
83402.6
78713.6
85002.8
82060.7
92606.2
81933.3
96186.4
86054.3
99408.6
82865.8
91931.4
91312.1
100227
89349.4
81338
89853.5
96232.8
90494.7
72450
94231.6
93772.4
91813.3
79892.2
90270.6
76636.3
81297.8
88792.7
91364.9
85215.3
83253.6
80797.6
94152.1
84506.4
91204.3
94588
99925.5
94043.8
76542
90805
82628.9
82609.2
100077
97666.4
82647.2
86408
93306.2
89453.5
70989.5
91333
69890.4
84140.5
106408
84385.6
39175.5
79977.5
105823
94957.3
88605.4
85879.5
97375.5
84877.4
93000.2
80772.9
99089.7
85649.8
109549
85479.3
85547.2
62304.9
93093.2
72395.5
94061.7
79116.5
89306
73594.8
83546.5
79669.4
82597.8
70371
78219.5
109042
76604
89282.4
82885.5
89966.1
47557.7
77380.3
88976.1
76311
83428.9
46570.2
83556.6
93545.8
77450.2
88859.6
98499.3
86279.4
100318
89640.3
91981.8
81602.5
59398.7
69047.3
89308.9
75178.5
59374.2
87482.9
91399.6
88066.4
79464.2
79632.4
92922.4
71407.8
92574.1
63826
90580
88648.2
83472.3
78202.1
83055.8
81626.4
84878.6
96275.5
74159.9
100979
84012.8
88262.9
55024
103529
86378
85194.4
83996.3
97797.8
86677
89584.7
74039.6
92029.9
75309.3
91601.8
74750
72769.4
84643
68199.9
78200
91187.2
90540.4
87972.9
81762.7
93876.9
100889
90370.8
97956.1
80499.5
82791.5
85501.8
75206.2
89435.1
80577.8
68500.9
84913.6
79295.6
81923.1
100672
86235.5
73744.1
87518.7
86979.8
100400
78903.8
88353.2
100746
97731
87100
79061.9
76575.7
76177.8
106147
81159.3
95147.3
93882.9
88429.5
88128.4
89702.3
101686
89433.8
92529.5
86818.8
92335.6
77694.1
78453.3
86298.8
99245.2
61262.4
89228.7
95058.9
77754.3
94262
85591.8
108472
89976.1
85942.2
86265.6
87516.8
99814.5
85000.9
85321.6
76109
90572.4
87321.3
93831.8
93412.5
86462.5
85021.1
75874.8
94582.8
80448.2
98403
91556.5
97210.1
93347.7
101047
93579.2
93802.2
91769
104801
80538.8
94599
103538
109843
103050
97744.9
92759.3
100105
89208.5
85392
85961.6
103246
93872.8
95620.4
87409.8
102072
89257.9
83579.2
84874.7
98626.3
100399
93318.5
95192.3
103161
97368
103318
92847.9
93295.1
96282.9
95327.2
91596.1
87401.6
93354.1
103281
94447.9
104854
73183
98262.8
100209
77090.7
109915
86910.4
101582
76764.5
97647.7
94939.8
99923.6
87909.2
94502.1
87517.9
103766
89119.7
105708
90280.1
97541.3
105503
92238.8
94838.4
81411.6
81868
82323.8
90631.9
81544.3
75045.4
96479.2
81929.3
87288.7
74798
80292
81331.1
86567.1
88829.7
77254
72661.3
73934
79183.6
78389.9
75180.2
75908.6
90918.5
75640.6
81602.1
82433.3
89745.2
90273.6
72450.4
73075.7
85633.5
79083.9
87254.1
88647
72362.8
99147.6
95176.4
95438.5
95720.7
84474.9
84059
91422.6
84633.4
90442.9
77031
64915.8
87823.1
55290.6
54093.7
90599.6
69665.8
68609.8
75149.7
82294
64108.8
74442.4
96593.5
64229.7
74723.6
