2.55096
2.59279
2.57635
2.73216
2.46628
2.64854
2.74603
2.78734
2.77779
2.63004
2.57952
2.69196
2.71589
2.54088
2.61102
2.51608
2.83465
2.7038
2.65923
2.5424
2.41265
2.59855
2.51792
2.55086
2.56348
2.74716
2.6743
2.664
2.66913
2.63973
2.92312
2.66263
2.54027
2.48071
2.50472
2.62828
2.57942
2.43086
2.71206
2.46233
2.76374
2.39992
2.71644
2.57265
2.64642
2.6128
2.63919
2.50146
2.60972
2.55274
2.54839
2.66299
2.78548
2.69068
2.452
2.48739
2.43031
2.61082
2.48704
2.76894
2.55698
2.52664
2.51748
2.54801
2.72241
3.08005
2.93121
2.82191
3.03333
3.02208
2.99771
2.61595
2.91047
2.94663
2.95122
2.90376
3.06108
2.68958
2.73802
2.59908
2.81728
2.51648
2.74632
2.99822
2.91078
3.0869
2.8203
2.79239
2.88827
2.83405
2.88162
2.84588
2.81506
2.86386
3.04512
2.93352
3.00105
2.9228
2.89492
2.85982
2.59109
2.7162
2.6977
2.89611
2.69413
3.01496
2.91812
2.82402
2.97961
2.68549
2.75723
2.54895
2.26821
2.47892
2.48623
2.45628
2.52338
2.40602
2.52472
2.35254
2.57263
2.50254
2.34352
2.58463
2.54635
2.56795
2.59642
2.47669
2.54384
2.52713
2.37753
2.82911
2.28787
2.43773
2.54152
2.3267
2.62109
2.40494
2.43208
2.33111
2.73095
2.81258
2.7605
2.7474
2.57587
2.71199
2.758
2.73712
2.80188
2.49706
2.68534
2.67804
2.65004
2.58151
2.83299
2.76835
2.59539
2.77597
2.81741
2.84666
2.79838
2.61695
2.89118
2.51608
2.62517
2.86856
2.53124
2.51041
2.97741
2.66409
2.73233
2.7053
2.861
2.703
2.80557
2.62473
2.63317
2.42512
2.32012
2.45263
2.58945
2.67869
2.51207
2.50371
2.59407
2.62222
2.60291
2.63616
2.76122
2.52042
2.44563
2.56775
2.43452
2.50286
2.89101
2.79107
2.60345
2.56653
2.70521
2.47767
2.65188
2.71489
2.64488
2.46495
2.64057
2.61149
2.6918
2.57756
2.74177
2.66331
3.1258
2.81525
2.51322
2.67871
2.85074
2.86347
3.01429
2.88866
2.6354
2.85415
2.89982
2.88577
3.1505
3.04061
2.8701
2.83282
2.76136
3.13357
2.94422
2.82559
2.87567
2.59752
2.76474
2.68839
2.17497
2.84671
2.53313
2.84358
2.98991
2.78453
3.24505
2.93681
3.07679
3.04135
2.95157
2.60003
2.85319
2.80377
3.05392
2.95152
3.0188
2.77353
3.11506
2.7285
2.86169
2.99528
2.97138
2.97818
2.70721
3.06029
2.78784
2.89995
2.94535
3.02531
2.75188
2.792
2.77307
2.89723
2.78622
2.93197
2.62839
3.0711
3.0078
3.03283
3.1207
2.91415
2.70881
3.02564
2.99508
3.06811
3.13025
2.8076
2.82965
2.75529
2.75093
2.5975
2.84102
2.59955
2.55438
2.45441
2.66787
2.61569
2.67591
2.80017
2.69092
2.41391
2.59344
3.04713
2.9817
2.95622
2.91034
2.98802
3.17826
3.1517
3.08155
2.93134
2.92905
3.05651
3.0735
2.89244
2.80328
3.04681
2.85959
2.82841
2.82723
2.85873
2.62314
2.77015
2.87201
2.699
2.8119
2.6305
2.67522
2.63276
2.60675
2.43243
2.59116
2.72234
3.0522
3.0158
2.73995
2.51894
2.70222
3.06639
3.23795
2.57825
2.4778
2.90655
3.01678
2.76843
2.63485
2.74963
2.99235
3.04292
3.06339
2.9618
2.92901
3.02999
2.88501
3.08391
2.99241
2.98448
2.86371
3.02985
3.00593
3.04986
2.98188
3.05059
2.83551
2.84705
2.9439
2.83444
2.85381
2.81836
2.79104
2.85602
2.99602
2.86072
2.69085
2.86916
2.66282
2.66709
2.87665
2.647
2.47687
2.58462
2.72543
2.5689
2.56525
2.44034
2.95887
2.85276
2.96679
2.9448
2.56246
2.5513
2.74773
2.63311
2.68194
2.61988
2.59907
2.64709
2.50939
2.71256
2.44876
2.46388
2.53536
2.59345
2.425
2.65955
2.60399
2.93934
2.89279
2.97021
2.8784
2.8177
2.94541
3.02503
2.8751
3.03608
3.16725
2.94726
2.97148
2.69796
2.9962
3.08697
2.818
2.89066
2.82245
2.91041
2.93257
2.99012
2.93744
2.96863
3.02946
2.77773
2.80126
2.88607
2.77318
2.70348
2.81614
2.80667
2.93295
2.57456
2.37909
2.51447
2.78211
2.63134
2.68513
2.49136
2.63818
2.70003
2.70148
2.75561
2.93796
2.77201
2.82203
2.7455
2.5582
2.84115
2.49167
2.50006
2.77336
2.7713
2.63774
2.5676
2.76517
2.95762
2.71654
2.65491
2.77353
2.49995
2.5022
2.72144
2.67172
2.81864
2.46285
2.43795
2.56926
2.52086
2.57939
2.57664
2.93569
2.6704
2.6685
2.47317
2.4695
2.37252
2.41217
2.80978
2.86948
2.58571
2.57714
2.58696
2.77246
2.73561
2.95296
2.51687
2.81633
2.51241
2.7022
2.59939
2.73461
2.50879
2.59241
2.74008
2.48279
2.52041
2.57284
2.59383
2.79222
2.67689
2.57922
2.58351
2.82628
2.85713
2.59291
2.64434
2.83319
2.43376
2.54816
3.08589
2.75957
2.80089
2.83684
2.44465
2.4228
2.51467
2.29274
2.4853
2.22489
2.19698
2.44342
2.27625
2.32475
2.13344
2.18579
2.34199
2.15982
2.28107
2.1816
2.16116
2.14144
2.35798
2.288
2.19831
2.35304
2.43515
2.38114
2.35492
2.35229
2.26213
2.27101
2.18186
2.20783
2.44255
2.10929
2.34886
2.56459
2.73493
2.68969
2.64656
2.59456
2.73741
2.64378
2.60818
2.66292
2.89637
2.44584
2.92546
2.89733
2.721
2.87188
2.39238
2.56222
2.92268
2.79079
2.71194
2.95906
2.78708
2.7304
2.74112
2.84067
2.71241
2.90451
2.74296
2.80071
2.49761
2.4882
2.96369
2.97504
2.6107
2.69766
2.7601
2.731
2.51221
2.63963
2.75257
2.72411
2.5025
2.50538
2.64602
2.59546
2.44136
2.45068
2.78702
2.62002
2.45811
2.40591
2.47987
2.52895
2.52919
2.57574
2.98357
2.76892
2.70073
2.70495
2.68038
2.81028
2.74124
2.62051
2.78874
2.56911
2.80939
2.6596
2.64749
2.59471
2.57823
2.39068
2.57496
2.54349
2.62101
2.62199
2.60312
2.65732
2.64041
2.68178
2.55727
2.4606
2.63105
2.78487
2.53132
2.56225
2.71854
2.68646
2.60584
2.8759
2.92686
2.69985
2.69278
2.74623
2.73844
2.70721
2.62112
2.66377
2.84126
2.58868
2.48556
2.73576
2.66504
2.56266
2.56147
2.7719
2.62068
2.63301
2.58703
2.76927
2.47851
2.84976
2.51399
2.91106
2.60136
2.61864
2.77372
2.69598
2.7362
2.6046
2.67286
2.79764
2.6656
2.74599
3.08754
2.96132
2.83909
2.73311
2.79975
2.67389
2.79733
2.6144
2.64689
2.72969
2.64845
2.54359
2.92792
2.66683
2.91869
2.88451
2.86341
2.92944
2.84537
2.84409
2.78873
2.88807
2.98417
2.78057
2.96827
2.49564
2.89397
2.79696
2.7668
2.95874
3.00117
2.94605
2.92297
2.69354
2.79756
2.62968
2.69349
2.965
2.75144
2.90421
2.62836
2.80793
2.96429
2.71845
2.74921
2.73081
2.72952
2.80388
2.54406
2.76267
2.70099
3.11924
2.69
2.66581
2.83176
2.97066
2.6813
2.56411
2.73268
3.06579
2.7728
2.98263
2.77345
2.86415
2.96661
2.96529
3.11056
3.01139
2.88919
3.09989
2.61661
2.81037
2.72575
2.62355
2.81468
3.0105
2.42089
2.75623
3.00413
2.51481
2.99094
2.84227
3.12064
2.96995
3.0774
2.66403
2.9256
2.99523
3.00722
2.75599
2.82365
2.68975
2.84459
2.57323
2.81668
2.51119
2.72593
2.50235
2.57686
2.5013
2.70882
2.62694
2.2508
2.8231
2.58578
2.54524
2.57261
2.63852
2.11866
2.70871
2.67672
2.60223
2.62777
2.33012
2.58496
2.80427
2.56573
2.81741
2.69983
2.75203
2.56173
2.48338
2.55853
2.6655
2.57258
2.8745
2.73207
2.85944
2.45781
2.74818
2.48168
2.43039
2.52927
2.57363
2.93452
2.76046
2.54662
2.45556
2.72458
2.72772
2.47567
2.56618
2.90486
2.75152
2.57761
2.59856
2.58029
2.71587
2.68214
2.71101
2.6276
2.71548
2.62086
2.58592
2.59611
2.6425
2.88557
2.62138
2.79443
2.84012
2.65553
2.53746
2.7207
2.6903
2.79646
2.64722
2.619
2.44214
2.64856
2.72509
2.37854
2.60262
2.73874
2.70489
2.47096
2.80219
2.63752
2.74651
2.62663
2.79709
2.79976
2.73315
2.62339
2.58062
2.69499
2.62979
2.78531
2.54972
2.82804
2.94202
2.61863
2.54433
2.76555
2.54142
2.58604
2.45216
2.51469
2.70766
2.62915
2.51222
2.76873
2.51669
2.5228
2.59215
2.41493
2.547
2.61188
2.5846
2.62449
2.7399
2.5992
2.69872
2.49734
2.71617
2.59174
2.6752
2.53104
2.52244
2.28557
2.60499
2.44984
2.58088
2.60216
2.77483
2.54057
2.44097
2.43957
2.48657
2.73427
2.49645
2.59855
2.4207
2.43259
2.50536
2.5705
2.50796
2.49569
2.7454
2.79855
2.67254
2.86081
2.72089
2.97543
2.64408
2.61071
2.70934
2.54841
2.6044
2.63581
2.67498
2.61462
2.75013
2.91124
2.61247
2.84868
2.48209
2.69974
2.45722
2.4722
2.46729
2.45152
2.9996
2.58395
2.57283
2.78234
2.53954
2.6755
2.5521
2.84524
2.59063
2.62841
2.62446
2.64999
2.57773
2.44193
2.52159
2.40131
2.51014
2.4665
2.80232
2.65653
2.85613
2.8193
2.40398
2.6368
2.6647
2.57705
2.49598
2.68785
2.69493
2.36195
2.88319
2.63675
2.78149
2.56031
2.6117
2.9375
2.65487
2.64461
2.88312
2.51594
2.46066
2.60363
2.84803
2.54013
2.70608
2.57341
2.64532
2.59333
2.45819
2.85263
2.91202
2.33655
2.4013
2.58082
2.6751
2.56232
2.77687
2.44172
2.58002
2.3166
2.52218
2.57979
2.61586
2.37756
2.49372
2.45117
2.31834
2.46052
2.3403
2.39522
2.54862
2.4424
2.44974
2.40435
2.59632
2.36442
2.88051
2.47463
2.5973
2.54254
2.26138
2.34851
2.59918
2.34607
2.39742
2.44268
2.61583
2.59944
2.45637
2.68928
2.55448
2.51579
2.28764
2.34857
2.58242
2.49636
2.53237
2.37403
2.60426
2.76156
2.52639
2.58159
2.45048
