143874
166736
143226
152309
144026
142556
160240
152277
193137
138241
145016
159560
164564
149585
171381
124810
161173
151521
154334
144593
131030
152925
123051
127007
140299
125090
138852
152474
148471
156104
126377
119634
143864
143987
132227
159548
135443
132832
148134
120236
129377
158860
137933
118056
159394
136910
145145
134283
122051
164142
125856
127082
134354
130270
124636
111411
167176
137949
172512
147660
155290
123860
134143
134606
145135
145183
154152
155302
124920
154263
124072
96951
132339
145498
132125
126100
124356
97045
141997
131275
142918
136092
117073
159099
128756
124527
127018
135803
122993
148224
153599
134721
186859
140085
135420
147400
141377
139870
128700
156706
89802
124079
141932
134674
144045
138666
128824
132018
135938
154242
140751
92710
116596
129201
135078
104219
150717
123967
148322
124958
139531
155038
129809
121106
137670
132371
115320
145516
137866
129767
124570
148398
143740
149744
126898
140816
118297
118031
141813
121388
123031
113337
112431
133261
135291
135977
123283
113265
118983
141011
134588
123755
109299
105848
131197
135913
152419
129628
122497
134968
113747
87725
114554
118910
132496
116905
120472
133569
109002
126829
134477
136387
127524
133038
116961
148181
145310
138818
128836
122984
117484
146974
120274
161652
161957
165617
126723
140062
122869
156793
132137
110105
146899
147852
152166
176764
150587
170265
126673
139208
128589
145832
127795
136931
136717
141492
147375
129749
126399
145036
124253
148776
143412
143436
135629
138012
129740
108312
97989
136424
123287
159272
134433
120653
150288
141518
137938
131109
96161
115848
110226
105038
111815
110475
124779
93587
97550
124605
131172
132036
116345
132539
106992
140477
170203
124999
129164
130327
142117
130212
138234
134896
128244
140809
132478
143843
113333
111190
130361
127024
162263
110861
126792
133964
125949
138055
129621
159770
137452
124636
138724
124385
138628
134653
121120
116851
131473
139957
139917
139562
109831
108519
146605
123907
140638
156150
136531
139277
126447
120330
151799
136117
144037
141923
146494
137692
136229
139132
115631
116667
123948
127382
113580
132419
118887
126620
101628
109945
128102
119266
123746
125551
138258
126248
119718
105415
116872
137000
134053
109659
122967
130357
123334
104592
110629
109898
102537
130688
115257
119820
113666
156446
117977
136065
137429
130642
122139
117670
147002
144874
151215
122324
125476
136921
132841
122826
136266
136043
135123
125041
144733
135999
136861
127892
143475
145931
127998
138911
146829
146826
139700
141879
126940
125365
131625
143465
152623
143388
123491
141305
141762
117217
153511
144528
137496
135836
144205
138857
126184
120221
112901
138139
133458
154510
134433
149457
152920
132097
123117
145811
141319
134425
127538
115023
142699
155757
141563
138533
129351
144260
141254
136849
146880
146562
163018
144650
143059
144298
146206
143166
130919
136713
120989
152058
133387
117773
129136
136641
130703
128981
130405
119552
126683
148849
125876
141059
151608
144489
137182
133260
149056
126878
127497
158926
132385
98553
133927
118917
123080
128410
122939
146957
130613
148301
120716
128336
146911
121832
145626
122334
129740
115468
128347
130583
114197
133309
148575
156899
98659
134439
138340
136689
128380
135565
124250
136803
164016
133527
144357
91526
156923
125870
117922
126744
127810
170562
129468
161733
139216
135478
134242
128249
110910
144952
113449
153480
150085
139669
134133
146960
132794
142773
134550
125016
138566
120558
128052
125479
147042
125449
126301
139323
156576
115648
139373
117452
113689
161396
142419
126517
114257
131244
123268
121086
118475
137674
143187
154238
163528
152987
156698
164051
153209
169822
147152
168209
162763
138037
168547
150830
157442
164913
154871
165937
157773
156523
143540
165268
153372
161801
168406
152392
157306
137357
156329
163112
167164
150909
145232
128807
170960
73932
129993
151306
155629
127349
126393
121921
110817
135432
123042
127899
127702
132227
142272
124254
133078
146260
122793
144330
118115
131999
120738
140645
129046
144386
130798
130379
131331
132418
132177
130827
127826
125076
92883
109422
96398
135924
93811
91189
98781
121543
132485
107642
86261
111700
114774
91087
61316
88595
118744
111778
110047
97625
113776
96089
102882
111153
98507
90696
96269
94819
116680
66348
71889
94473
110542
124489
73352
95113
97305
103331
72455
153003
169987
176423
134068
139421
155223
162711
142658
148608
140463
158516
133600
166339
149194
133294
156987
137556
156899
143260
155937
136330
162688
150541
155129
151556
156692
144429
174307
156442
129532
138250
160663
149845
136565
159806
133478
155600
172099
129594
151581
153834
160382
142125
140474
151179
152531
159612
132934
139565
114130
108638
132340
150995
116983
103379
119764
131972
122124
128756
59494
131545
129766
128309
121713
116849
127326
111905
140699
142252
126459
133860
122480
115082
120811
120994
137901
122064
141751
127569
144576
121746
135820
131518
146643
133204
119444
130226
139253
133748
105471
138910
139394
135622
117517
133620
112888
117109
129732
135959
125054
125650
119850
139742
124450
134880
140458
149120
139155
113656
134386
117537
122333
146817
144105
118617
127592
136575
131870
101433
136793
99090
121286
156966
123007
56416
119854
154080
135825
130618
125439
142214
125229
134614
120534
146443
126121
161600
124615
126679
89470
138294
101397
138414
113807
127006
106809
120118
113721
121747
101683
110329
161131
115872
134386
123156
136179
66950
113985
132790
115652
120115
65588
124640
137240
115198
130743
145932
128826
151763
130842
137781
119227
87566
103004
131839
110313
85110
130021
137094
127882
118403
116672
137741
102491
139298
93939
137692
132276
126446
113609
122713
122842
126126
144879
107948
151925
124896
135457
75400
156954
129949
127091
123933
144824
126474
134008
109656
135659
110978
136120
111851
103685
122914
98730
116725
132388
137799
130144
122049
141559
149798
136914
151862
121984
121819
125061
112262
130343
116466
99123
126823
118487
120907
148992
127929
109058
129962
128622
149860
119202
132999
147504
148370
131351
120171
114942
109723
154070
119841
142377
138301
134171
125303
134517
155645
138878
137277
127476
138849
116414
122196
124959
148084
91033
133669
140356
116983
139869
125128
160779
135617
125865
125962
132111
148978
124996
124459
111643
139046
128125
140930
141140
128844
127453
110795
142937
122053
147477
134292
145438
138136
151889
141357
142657
138874
157934
122022
142925
157567
162984
153598
148121
136464
150930
132986
131316
129260
159041
142633
140777
132310
153711
132318
125454
129259
149088
150438
144947
145690
151454
143380
156932
142533
143086
146528
145008
139366
132996
140311
155861
140459
160735
110851
149233
150821
117370
161836
131159
150169
115756
145115
140581
151037
132513
141606
130383
157309
130173
160394
137526
148149
155454
140596
142796
122184
122660
116218
129884
119594
107813
137098
117270
125046
110364
113866
118097
125392
129410
112049
102641
103892
113566
113710
105488
110525
130396
106688
116584
116380
127128
129337
101409
106062
120233
111464
129167
129839
105825
144826
140447
139838
145376
121355
120964
130537
119174
128768
108448
90915
125119
76445
75851
129432
97438
96735
104326
118257
89744
106198
140020
89578
106222
